---

timestep: 1  # days
num_iters: 7300  # days
integrator: rk4

planets:
    - name: Sun
      mass: 1.0
      position: [3.771562971224088E-03,  1.987263542614833E-03, -1.626554229135268E-04]
      velocity: [-3.073125033429890E-08,  6.978543435620353E-06, -8.506130796812611E-09]

    - name: Earth
      mass: 3.0e-6
      position: [-9.903414152297834E-01, -7.716244651654738E-02, -1.565300359456768E-04]
      velocity: [1.082807915018358E-03, -1.720133424980736E-02,  6.792798368090908E-08]

    - name: Jupiter
      mass: 9.5458e-4
      position: [-5.331789488123227E+00,  1.006440910714214E+00,  1.150558840535702E-01]
      velocity: [-1.487364079416080E-03, -7.059003605703129E-03,  6.262655247465625E-05]
